123947
51891
112743
114195
49238
99092
148289
65853
14025
60338
67952
28674
13947
109366
122249
21212
102053
78585
83782
83853
55802
106030
24080
67729
48104
84625
153485
72223
112631
113536
43834
48319
121085
62141
60177
101851
139556
2477
43732
61104
153813
130826
88271
97895
12613
99515
144293
29469
15992
79339
64735
23379
78733
77812
118614
51055
43150
27101
74700
33369
151757
136676
135495
102249
122453
137092
99873
12121
37131
57616
137883
151011
71775
145479
50648
14762
152502
10200
45262
106980
36507
71870
70667
162837
8683
113905
163858
161753
159618
44655
107359
78027
37639
73547
57212
31494
46531
85611
73876
72617
94340
21652
16593
42369
77271
70410
90380
138077
100930
141131
112034
160745
76351
132868
53535
5106
113969
53495
132572
23557
16809
107319
119624
145416
71378
3731
149084
54125
9154
73633
43656
118827
133462
104715
34137
136715
124045
37544
114221
99307
65626
9940
126321
19430
119857
158134
10966
46455
32320
142982
96447
98050
75785
41212
104734
61153
619
11824
42755
14188
157330
10329
105735
77858
40140
24431
148537
65324
127506
35496
95065
35306
21139
92060
48107
122986
99860
144647
1316
143102
68632
3061
86019
126483
103616
93795
137290
58802
42767
106981
71004
152936
150143
133850
87976
32809
125082
133488
159723
44946
107932
147379
153870
55688
73071
126760
61192
103571
39237
41963
129280
157082
19026
154909
163370
76883
163645
105777
18397
91644
113967
157083
122361
68238
41953
25868
124812
69776
42957
45277
148001
94944
29577
75444
33834
81344
90320
48950
86686
102245
94063
14733
57639
34505
117447
3931
136271
111567
40265
133048
30659
112693
1605
90994
57391
123615
137379
24501
109810
126544
78120
40924
11788
135163
39703
91089
137643
159736
58531
118837
115794
128492
43524
129249
42384
124605
62259
115073
40726
76556
39059
24597
111474
10705
67709
110506
127874
35615
156527
67241
48780
144958
32461
127439
45710
162144
123326
60782
135780
129771
17077
42688
113223
107441
140777
155652
131233
59587
31837
8483
127833
42470
10767
30430
40272
51365
158423
1680
47825
73333
122036
114658
161604
129778
151382
138868
123742
9191
25875
42664
45871
91831
163262
129035
122114
107174
126436
68369
52027
47505
17219
20813
37860
90241
91990
20685
82499
64248
111289
40456
48435
47983
80211
143566
59012
6638
118443
45781
76764
109755
92206
83960
121384
114455
116149
78618
147743
150987
117698
88493
72966
135779
74799
96471
139908
135877
134925
25163
15248
156514
158936
8346
28682
58790
144879
104205
18723
97309
80993
79937
82819
52512
104222
147017
100873
7506
151750
146322
10592
87123
2021
116366
116476
86575
95834
74807
51548
14247
58205
14838
160466
36289
60163
109452
13948
45906
154024
106533
11155
47937
745
44765
4849
8055
5302
50782
39861
21135
74624
129546
151073
87447
150794
114033
133402
119252
968
94363
60821
113351
46271
142067
36163
79543
38526
84043
69974
1407
132070
67100
105008
116982
66573
106756
129751
102796
74017
94657
26192
43626
27510
160140
112017
116310
19144
7666
12663
37674
42036
2928
35891
8295
76915
17338
127082
91962
34189
40516
12788
119479
6054
74518
89821
35079
37835
105036
159104
18277
28891
19896
79786
86801
66912
53650
99248
66539
99055
102188
107361
113010
78783
108201
39748
64623
77238
70050
36106
131172
26631
13466
96721
39807
97271
110067
55976
7083
146107
94241
9604
36576
66804
162907
131627
66650
149718
58280
114852
18365
139060
64768
51872
136259
65387
152937
75975
29485
143557
76897
39576
93597
60660
147477
134036
134587
133974
9736
157188
134249
119191
133006
5322
116179
56886
9737
18666
26814
60136
8600
32181
153838
105613
69368
159328
18164
19333
154074
114196
8386
113365
46514
157325
159986
29759
96345
116912
15504
97373
118165
137457
19458
15055
114916
49239
133924
142694
67642
129861
115769
142429
64147
79664
19566
66332
73562
10775
19052
126170
121556
4346
27949
117951
144981
8515
66698
49293
100903
158704
52082
6460
21503
104871
138091
88920
83610
145518
50112
46270
13391
102614
21636
43643
118050
87110
140711
119700
132038
113047
8430
17652
89227
19155
104108
103525
23450
158666
137476
120594
39480
142506
10820
132779
37518
20421
160044
107537
91232
6025
83947
151637
18893
35168
84503
38471
12859
123753
38662
107226
45229
62158
161809
121212
148893
155235
71763
162063
20500
51600
95644
45445
145476
136563
23231
106292
95775
27500
37384
149188
81861
109310
135272
160188
88248
79787
58390
25380
142662
87668
141459
156364
23347
59658
25200
150977
47898
50414
140593
116852
12136
141025
127376
134095
46320
141568
115318
16199
103154
86385
56077
63738
41112
16673
72322
148951
68319
11990
122454
26414
92364
153661
54634
51929
50955
125171
111914
1097
141739
642
63739
123203
71262
107856
161884
29598
6124
132753
155654
112209
113627
32797
151339
96423
86963
2956
105
128437
82509
46552
70645
5592
42973
108715
78405
142974
50825
59077
134667
4540
132820
152978
15519
92562
144767
133986
88519
161667
56579
283
58690
62457
39813
110665
15534
82596
32477
28151
71774
65989
24842
24948
29137
142306
94504
151353
47209
117995
106236
303
78422
138542
4749
145066
159495
141989
92920
84857
9341
29273
14714
37195
157996
105295
70812
44487
11963
136506
139511
138004
12571
9329
160220
148816
62108
131875
19944
110331
71010
5484
116042
58927
39219
145622
93728
153765
103590
17189
29566
14793
58966
66732
86271
11606
147895
70505
106911
123458
57943
131456
115724
84559
35912
86526
57140
135732
100904
91175
31270
28034
26670
22329
128968
57201
152523
64422
95638
66824
140695
117565
21496
102752
128517
122205
145378
108706
118703
110021
47097
160109
51191
62677
20594
69728
82083
79949
152868
120465
132864
42955
160067
21333
56154
46594
141466
43262
58133
120897
8958
12262
21919
131558
156129
45643
87080
43077
129909
52438
72192
88472
61540
102491
151489
161377
58890
152857
34020
157581
149727
19620
148667
33744
59039
67724
149288
148995
22791
159577
59719
91417
136961
50266
39683
47469
58492
138029
145510
133263
81811
134402
148471
73157
118234
58759
24971
55106
149669
126270
31522
73313
112533
94457
160379
141312
144408
50801
145419
141982
102556
97684
98935
99434
123612
157973
63650
32516
134192
130757
134690
60865
156640
81037
64970
41947
59125
25706
116296
10044
62067
17750
58639
64327
20573
18226
29601
16359
80627
92640
57641
114616
152359
11132
91121
154317
56102
72369
155269
119932
42244
63497
82155
117577
163770
134945
65847
158159
82541
7796
24105
13502
65571
79696
3297
148957
69092
80194
15772
103122
80624
108338
29578
150389
141270
92274
13011
4593
136966
10519
76243
105975
155613
140763
11988
157404
66799
142781
125463
35792
111654
88179
83405
83742
35438
21488
18381
117467
136757
77825
162121
121485
6449
112283
80134
49277
130886
69611
36262
24378
12894
84303
25008
118203
136577
105714
93026
48411
81857
120541
160795
21850
163408
41984
89179
70872
91915
75689
12703
155943
32017
36153
42815
86128
139328
146624
8205
36748
4664
41029
61407
143873
125686
69685
69120
13598
107781
117310
151036
61221
44643
49463
126351
140859
147639
67824
138862
148914
130752
131863
124602
62087
31897
9461
84905
2655
32644
49911
153608
130056
13041
156859
128777
113623
88440
74261
97010
138444
40099
19615
121458
156541
36251
74364
84834
127493
40132
94125
63953
106661
41011
160117
39019
47178
10951
117197
100272
75884
31007
99828
23087
101109
90348
36309
13962
163301
104970
68032
131160
29160
155688
9128
149317
151628
67147
21739
86371
155976
131422
54348
55581
101223
69405
63120
14310
54414
158371
9513
95314
92013
34420
108613
28978
10136
43478
6122
53655
79071
106668
31768
141348
148280
119481
85000
133268
147339
104384
16323
32667
108759
47669
20732
18073
83400
76068
109337
149416
128697
92424
109944
38660
31754
159444
83785
114879
22533
35993
79900
1356
119664
114532
43894
106288
130775
46728
115077
131467
156353
117894
145212
49525
27764
62829
21353
33356
104317
138500
158889
85193
30925
80702
104336
23340
1517
36100
63528
146418
137548
55713
13119
2924
135812
152907
123047
88167
66630
119858
108673
135881
51556
2902
107827
161430
10212
128806
96334
46319
71369
30380
127275
116628
139476
74335
44044
92194
156244
72386
41299
14080
43617
119441
155736
91717
110206
3163
130403
139293
135447
124778
22994
81989
86741
140278
105165
11741
120173
20504
84839
64729
159037
132203
1237
76336
115565
106340
63819
25619
112494
104856
71882
143224
71878
11785
63631
14008
55632
139838
3673
40481
123984
35562
6990
132065
122855
142089
68108
17793
97661
44580
99486
151268
53278
5766
118338
140333
116127
15031
87707
96349
157871
123630
131884
33486
64392
92427
62167
154727
33960
129913
93217
116498
59005
41054
39605
77127
25667
11254
145535
88542
88746
74395
5826
69653
78282
131794
163096
46477
132429
129308
106212
46394
61287
139809
38474
134079
158856
61434
36472
27916
137648
103566
6236
162374
58056
18526
130729
37123
26286
156610
124240
108805
96811
38609
126964
154396
146955
37078
70200
67180
97839
58093
92887
57033
14795
4396
18821
159493
89400
74206
89935
17498
100463
32520
61840
59916
114450
32524
122228
41049
69209
113397
82097
66768
36319
142674
33656
57746
117373
3760
69448
85243
49106
121166
18161
112891
149116
82316
153945
105760
56375
26308
62462
109496
33624
36594
113735
85771
46995
154232
132224
128384
44688
126706
36250
141553
60992
57744
78736
66962
133028
163569
11594
102652
13231
76893
48915
70132
92070
68795
32967
53615
25162
130412
16274
140720
29513
24798
124164
53008
52202
94127
63171
27309
37284
135454
117259
138857
121144
108012
119614
130598
26385
147318
25520
119363
23554
93089
114843
3008
161063
4567
160772
54925
160880
132252
118925
15920
72788
7293
12187
161329
140490
146782
122538
6133
18327
33350
4085
33039
123814
102516
21442
157349
135328
125275
70921
115623
9517
76158
133036
3313
72734
151261
147329
107352
108645
114923
8103
163194
112145
128642
89165
85517
7490
22460
10875
82797
66020
159243
147845
104569
10669
34767
87495
120187
57187
130686
45095
73427
119714
105453
58943
74271
1990
70998
117353
15482
15240
27791
2589
86928
70768
111883
29950
84458
41077
83277
89540
78130
150666
150317
116692
38549
18758
48873
122355
136971
92524
16086
43182
23331
62961
94830
20694
95005
89943
7252
50621
4228
21602
132179
102090
69610
157468
124190
69031
109221
53010
154639
43569
157628
104436
83601
80100
86430
148108
12307
137695
11930
160407
122766
151597
161017
162093
87325
111822
91282
65880
84083
138201
67010
32450
67188
94598
17283
87632
69017
1471
104178
161734
154926
13982
60265
131810
16775
27057
94869
123430
31596
47008
114893
65117
35624
134129
110722
75958
54499
136507
146870
28464
76048
125001
57245
145970
116537
101596
118674
145931
88997
152133
114555
79217
48730
114443
144759
160115
124865
112594
108202
102860
90338
162708
141946
150155
78509
33931
60843
133374
34199
72121
66581
69633
152221
98800
2250
77844
1458
154526
94662
10249
148910
160526
158054
41965
71330
95125
35612
153062
14343
155957
26941
152231
152593
52388
106180
144394
13676
134104
31231
97454
25795
11944
46644
91577
19091
122718
111366
80651
135937
163246
130934
129396
131709
28255
11848
19255
13951
73179
34284
109627
4313
83131
130317
71367
132146
78666
136992
75730
13394
102336
24320
59341
119344
7958
127853
132051
97967
157665
36284
91202
86724
143450
142133
24498
6497
13534
5856
15691
104251
19758
128149
2873
138898
115365
91933
102401
146009
89558
607
89633
115625
4541
55312
68576
115883
86962
87882
33418
28337
103789
86239
139203
71339
136843
46142
4650
48620
150633
161760
115522
89204
57369
70467
4570
30510
68066
59945
91246
109512
4498
17921
97815
131563
59034
66818
38349
62517
117290
29986
145605
127308
3645
114865
30122
46467
138926
16368
88702
151219
19343
18470
106010
15099
89249
9288
161372
50273
121323
81909
27139
10692
138678
51413
71326
30954
142910
119029
135760
129708
98409
59556
10916
45460
58365
120705
110116
162455
118806
126288
23307
120247
54240
102076
135446
15939
13164
162570
78036
97858
144501
21864
72490
102675
124657
125824
150123
94800
102256
67142
118204
104254
34010
54520
96475
97485
150334
98552
143559
28258
118591
117303
42929
79626
137552
11359
82668
148165
115726
91860
140769
69051
51173
31209
154226
22124
51036
85305
97467
107976
138962
2833
74973
154913
128629
81004
81045
17612
47240
105027
84659
35765
78836
90195
39226
8646
7978
95772
155485
23566
102683
38964
153005
20041
151154
87389
106353
61997
34879
39991
151591
104048
125301
109905
43967
161365
53586
65965
7756
119686
126546
81653
85126
99629
89953
86490
82230
26052
159345
14599
5999
103901
140075
64199
27629
21142
153215
11786
105615
32257
141125
77498
9440
36221
92980
120096
86207
92285
93165
23544
1740
102694
149749
65574
2812
120292
14778
122730
41001
12955
142899
50307
138047
147197
143530
137341
85042
26538
65322
138530
146458
78144
115931
96483
15198
122021
91025
156415
70876
149798
104294
56511
52042
93344
89561
3058
40835
137901
130976
65748
105154
86050
48953
38176
73817
98950
45785
12526
62965
99346
39836
144298
109073
156690
13439
56692
63077
72832
97792
90727
753
96416
90441
92933
30134
66733
62122
140685
82925
116064
79815
104319
44048
38828
30852
120865
21006
140783
4984
103528
46263
53727
33904
13705
90261
25625
101337
143815
99633
29018
68571
138007
130771
133179
89502
105744
45621
20912
29666
112739
80352
135764
147908
65368
9873
124730
79121
111750
61048
71585
56471
14697
83569
122083
129143
31439
131603
163416
125836
85194
108767
157196
130169
114963
75870
8359
115951
111286
48722
5023
85117
103818
151972
126266
100489
145524
83911
100019
97492
9871
3492
151562
98968
84903
94997
66972
5977
33080
13319
74211
163528
31634
84449
146930
64844
126531
59688
156598
22534
21641
13277
124389
16285
16066
121876
143169
66692
83464
84175
41581
119726
119428
45056
123617
99734
105970
4408
11050
81164
96248
15718
5517
34543
56602
157264
53358
2115
123358
97611
13073
65839
13428
140484
119774
103385
146002
163586
155409
126334
41091
19707
23791
23291
44464
38416
59757
114326
124881
27660
139508
92978
97990
146662
1185
51224
46857
157362
116732
85300
129014
130136
40815
66227
95228
129357
1842
134712
14886
51466
2738
42056
12820
40036
79882
151389
118755
134408
88674
14074
62572
121613
133885
83150
1984
19824
46827
147719
54302
112162
78412
120404
127601
156691
133409
126183
119382
110427
96041
148953
6155
99986
128304
70488
140910
42639
156104
45358
2955
151664
25804
145305
49753
106084
155960
107072
144378
77530
133496
98924
126084
47958
121693
69352
40879
83712
13511
36931
18222
87800
27395
13297
117789
77168
152422
69288
34290
84465
28485
159987
15858
128981
82199
57046
19706
116771
17193
154326
78322
39188
24759
140592
157965
60211
15100
120334
71282
21369
5719
1092
36568
106337
143747
66560
132519
36414
121307
139955
42054
112019
99879
64600
120460
116635
71253
35195
155369
77982
80220
18442
126086
117962
43985
97837
75418
84284
147008
147113
141676
67618
72728
65410
4642
25029
162614
156938
159783
163135
124124
94308
64533
45001
132918
145506
75084
128029
12110
29482
19537
127219
153015
14415
142811
15605
7599
81866
56866
1294
90979
38937
18477
125477
71387
99374
149371
35890
3647
38025
35410
98449
157050
138998
67407
128181
104131
61716
53756
7540
143341
14448
4032
24222
71038
79337
135935
33598
90099
114257
977
65185
34088
123835
34627
22930
113745
128208
125489
129655
82072
65618
66641
130319
37204
14594
83983
17978
50763
141578
93525
6511
155405
61969
99457
29609
74987
142493
161224
80005
123853
111250
160817
119219
140387
7686
19025
8365
135775
59902
57459
85313
158866
24994
153538
26105
37375
8784
129251
90078
129672
28075
122905
116648
131019
140788
63418
119049
86517
60690
65419
105836
57121
117464
124161
99687
141742
54389
77889
81252
120875
140021
115198
86118
85907
45538
144900
55463
98472
147486
133563
110185
72591
163540
82952
103232
18105
72821
39000
69807
92668
2349
161228
115588
36277
70360
94172
70783
149032
62812
150187
161605
78652
40445
152240
156157
21123
147785
43954
68606
19883
62299
105560
29939
59057
26749
110954
153196
75676
33477
148630
151097
46196
105993
70451
93550
137094
108226
115933
34128
58760
121963
133004
50603
139581
33108
21694
98523
80727
147013
113878
34769
85149
131971
106588
73922
115783
98686
92240
103004
109038
99418
151906
70578
34832
100836
2242
147418
40559
129246
163755
64851
67474
85572
64335
112220
49920
38885
108570
62463
53927
85005
124228
35393
148911
155127
132695
57791
54561
206
163707
29558
11222
66756
2006
57041
14541
146701
96484
30529
30225
37395
110909
96473
89106
89574
16257
112769
79267
31800
14031
7711
74720
154879
145738
60098
17748
151563
129401
133092
62533
18414
71327
161784
130794
21698
80595
114314
72674
55710
110653
70370
60680
103340
89266
150481
11940
93148
126101
21440
142575
141275
68955
9187
26542
24309
78669
48501
114164
37836
17541
16387
143001
150300
133345
139428
127838
162251
86657
81851
26371
70421
117148
85460
40039
7035
58090
132282
99895
158516
87300
111201
105499
4691
92289
12661
31453
151311
144168
107664
143827
71319
161068
77339
37217
72195
12778
74205
76758
56675
106130
80662
1249
108655
58224
76960
146262
137033
58070
47437
59854
145754
97348
149793
72171
156175
157988
79340
95283
120359
108116
163789
156097
36429
128628
122518
91414
99710
134468
145660
32943
105798
32100
42872
127142
96849
129024
109196
87949
53218
22414
1324
20494
9340
108801
22686
43246
53824
113740
128043
111141
137018
109363
155135
88958
21980
154649
59707
46474
123085
5904
55032
13608
60996
153737
111166
26216
54132
55992
142937
83738
106556
115502
134491
86294
97797
129796
41967
40821
80430
70924
127491
118835
42218
60674
70396
80305
31795
159615
163454
40701
87340
11343
62447
94140
35580
58427
12836
112482
60118
163094
29864
74912
70537
99716
83838
90604
127432
4125
27107
146032
123980
65581
87510
96181
82588
32854
142863
135100
129128
155868
139739
41575
45812
125612
4930
48669
103511
4163
43189
31904
132373
83564
90935
126230
94732
50593
77545
71864
102304
141532
54534
126395
142832
141746
52328
154505
42521
100991
109250
94313
95397
47882
144938
129759
21967
73913
18626
143739
163438
65186
106397
141249
49022
115022
27455
49019
93781
116065
33516
45488
98018
45227
144678
10238
13374
98540
86290
147010
63774
121645
158146
95572
125109
70210
110012
90285
45499
149258
116667
117515
120793
121053
74564
153122
26650
49790
148092
111171
162687
117423
74978
130964
76739
30435
123677
149512
62928
79077
60180
55844
4880
40137
17500
70903
18019
4108
120838
101516
47431
87195
161807
112233
127611
53651
48705
107498
41707
92446
2663
30448
141604
60209
95456
20980
157790
110222
48442
136979
138751
61948
81340
68322
20384
5866
127947
82183
30023
47580
113492
18882
148363
135865
105849
159906
142566
156319
22711
23680
25209
43836
108032
107503
129961
30394
68366
97269
46417
6734
163457
41704
68730
131806
84706
121113
36777
47305
91576
114817
128769
133458
141914
150876
114684
15420
60726
132253
57966
74992
156979
99565
89992
41858
97973
114292
18684
18232
155209
156231
110542
137112
47241
95647
19993
146709
97870
133309
20248
150441
47503
163249
98114
10070
118553
74721
20277
163498
10423
12758
1785
116227
38800
16041
110353
16250
38552
1744
88575
48036
62419
156326
68295
46526
127914
13212
41198
7941
1761
55507
122418
158045
61841
93917
118131
25050
43695
27855
56503
93592
121581
46966
122352
100805
54685
136129
103319
160570
127543
145307
6369
131956
156746
78776
78759
161298
147587
41372
80063
106176
134656
102220
99208
30926
68748
125594
12268
82029
33130
103323
5697
11886
86478
99950
126278
98942
117243
130456
11242
152720
40854
80913
98134
6543
13124
114299
132162
125361
54274
146971
6907
73437
44612
81601
158929
104183
102875
5422
108702
130618
105586
31783
139000
120177
130397
157830
66459
38690
21572
105567
146699
156782
33652
30688
51775
156733
105602
21667
18418
89276
121967
116462
114810
10242
162346
100632
156030
155092
72451
51925
133652
146888
104283
139323
33870
147069
56795
30977
90846
134992
128662
41510
91772
29438
93906
126521
158270
119429
76090
149743
66648
159692
45130
38424
72323
144495
61747
43433
54854
5165
150313
76510
133791
25328
35531
67553
90730
127246
22583
10746
96084
4052
152214
47130
80537
149431
150809
141328
127335
1187
55559
112102
120841
85947
80039
48265
99152
41254
98690
145553
116216
160315
4748
108661
53792
33735
29250
40483
68859
144448
105660
124904
105976
80357
140585
114404
46569
98375
60535
77722
33007
162563
56939
15561
45304
3317
129150
6833
79350
49662
154
160256
147494
150609
161465
145005
100472
44198
89052
117339
82017
90800
12360
86381
57733
81749
117819
144369
154877
132587
29396
135458
63434
74404
61278
134216
79463
143016
125635
9200
49624
154019
140099
7253
116530
30834
103284
59525
48678
36301
91252
15836
130711
143883
24977
24650
19281
153332
57582
82389
23402
127844
100053
49411
121549
23097
117689
14093
78295
70960
54462
79975
59701
121867
2171
145390
163591
162394
90998
86401
28567
110144
126764
162138
5164
38876
118159
64446
160269
9396
127130
30345
20292
1621
25734
6132
144250
71363
162354
155330
83318
154745
94905
45224
11997
86258
129170
110552
141916
154420
38821
135795
48383
74561
140477
77449
45164
69935
114201
116446
152837
132916
127813
73870
116821
2196
36392
114673
109985
14506
95708
18391
110910
152525
9652
84501
78469
9
18587
60577
4377
129625
138497
143561
148681
127540
45318
4048
73155
95950
74452
30632
72419
113921
148934
35878
88527
39169
33374
60135
53941
104967
28520
120748
40656
32146
127212
51789
74415
71730
143241
156723
20369
63703
17487
43422
10903
70435
48400
82689
63095
52748
18473
94104
5806
128451
51569
154198
29783
99843
102180
65068
80894
86481
100863
62821
36156
89295
104850
94820
145048
101137
133098
105317
75066
116120
67358
11006
33768
98126
44706
144347
42097
71949
15110
4961
23109
98621
12599
36517
57365
49294
163849
29357
125575
107267
72678
83530
5246
89241
120502
161334
133582
144904
138471
116043
114203
3183
4820
72022
81939
46190
20062
142092
39630
8418
34515
70487
36869
110754
8053
135188
11038
160142
130187
52975
40271
90976
160507
142279
15669
14600
112502
160763
155644
21779
115935
123704
46802
88666
135886
30426
80464
18252
24991
7470
97041
26229
23620
88090
5846
161614
89826
67229
135553
21430
13733
155769
38029
136365
106562
73941
78325
24712
59290
150077
12490
124859
75583
82629
85021
160517
159332
83292
150096
84296
123658
51091
32063
110890
49405
41630
76515
46843
101191
69229
153987
8028
123921
47009
148449
39133
146059
110502
44106
11505
140339
162968
104051
22571
110614
53947
109313
130305
98571
137970
27345
49157
13864
56341
106851
7075
12725
161877
111017
100624
82674
96296
116079
122991
20672
3780
95208
46437
9409
78809
148768
1767
1909
101088
60593
114700
160656
163960
123940
117661
117093
123110
21153
155728
3455
163933
92786
96800
20440
133914
115124
19251
123682
91674
134478
152836
45578
26716
91185
34612
17836
46989
68232
40810
60987
25681
46863
51724
61887
118685
91751
65156
134709
68220
59382
30086
158466
87702
41583
621
36049
50411
109458
146492
143901
46920
1193
114548
160670
170
101013
59999
139255
53058
143427
230
46171
42909
64285
123915
33381
144419
43430
129071
86409
154404
27066
137314
43147
151200
128403
8613
78781
6835
76382
144320
75239
41247
140157
117551
7882
90123
70680
11258
68846
56515
129359
62805
141463
87250
71228
29311
160792
26969
161728
46233
46831
122684
126419
20179
3421
52350
11000
132478
135187
151472
89785
110446
75647
77108
25215
44714
156698
91194
103538
3652
63360
160032
26373
21558
146016
106009
6500
75385
136397
56751
45512
59644
125396
137776
74749
52739
51991
157183
137949
147398
976
14619
127685
56926
41080
108005
125084
161188
147893
36281
85563
55199
6664
19877
159900
106707
78013
95687
155635
117023
157014
31021
22866
53384
145040
4495
37178
107651
79724
76542
121688
88671
151811
37931
88665
130850
131943
41539
45957
136565
152396
140442
67848
91513
73482
105407
118194
26428
119512
75705
81745
36808
118042
29824
134072
125719
60061
22902
150620
91161
103812
162528
82158
40470
118266
111887
91586
60479
21452
52851
90616
138334
152877
112552
120406
140571
56727
58398
48237
104068
29015
80426
161072
50760
102760
55276
135709
135274
76115
63010
95049
100915
139724
87902
40060
109168
125442
60187
87927
81666
83124
105276
144039
148616
98787
69285
131462
149009
112804
140269
89022
6339
150243
143843
153839
21020
101485
145033
70886
24071
78771
56017
46952
69507
33037
42431
152953
53875
103037
22839
135830
72357
98435
132459
50552
156884
90532
160102
144891
74635
74861
150025
141873
138351
108825
85342
98879
94015
81051
444
50999
58241
103421
26696
91634
34756
111349
107887
72076
119934
113039
158555
72518
72643
67202
98972
110281
19665
2445
56038
112987
161847
115904
47468
146426
20842
42796
158103
124304
20984
145742
155305
58140
23612
109022
146659
55172
17594
144533
16911
4802
72536
144748
126805
139419
82040
146562
129393
131587
48531
60848
162307
113135
93568
31794
67159
137500
83903
163726
142960
121609
117380
91820
140291
108677
103212
98189
137285
154537
51686
85198
146405
132225
58484
37236
94770
2122
25554
157441
17674
91277
116211
99448
135814
118689
27117
75355
53405
140367
124033
49861
159554
141814
32161
68439
11699
21821
163944
18129
48434
111894
118008
113834
30173
150473
78060
115559
82153
62687
105089
33708
47040
146420
60871
120530
21483
72118
13258
9141
37705
111492
146844
46981
1214
101567
146871
13048
94840
130033
74231
131932
99019
153188
26544
4006
43390
96783
127337
71323
55219
70246
112147
35477
55743
129593
37827
38560
23426
86284
132131
120739
144983
151594
92547
129538
87813
44399
155832
81670
135873
137894
86287
147963
22681
142476
136317
28079
15804
144524
58464
48917
16235
60610
148062
149041
78952
136938
105022
85518
20973
26446
312
125424
64416
40981
51692
153864
156158
115013
39206
155600
130511
77999
160988
5014
123484
16550
144308
114491
143535
21690
41440
143068
6853
98157
18402
55376
117138
45686
97855
84943
107554
114602
21073
55855
74914
99604
87941
155377
70223
4976
22435
133897
114148
105182
19541
34565
98141
108590
28267
113945
103578
82471
155480
100484
75576
106024
17317
77462
47137
53717
15005
39869
55558
10844
9602
68783
78056
104826
29767
94124
13046
60161
124851
54011
58804
116713
113422
135736
151607
608
146349
102198
144798
22419
33431
27701
67091
11993
53165
78562
77110
103102
112169
122829
72934
160625
26434
17307
55402
155238
116664
100440
157673
47665
127020
150009
37818
24816
73043
59178
102181
76950
110082
3001
69344
45532
14827
85875
141225
145694
47419
18469
42530
56
11480
127136
85504
82766
74972
57697
7464
106897
11941
150868
89565
41048
50287
75322
1153
99902
27457
38872
137382
20999
28921
135220
100652
45615
85062
72677
126313
93504
154766
53936
40598
33496
107321
113148
148524
109487
103933
118505
135600
8725
67231
81310
147229
24188
62577
128215
127241
33171
140225
70105
107307
74494
104757
18922
29922
82725
108533
34829
130226
114219
112247
25719
154266
137895
10555
1529
121955
138174
143469
127177
66842
67552
140632
96399
156735
112786
69827
73781
154584
117736
135999
89309
63942
64790
25449
47921
19339
161339
141060
121431
112338
20006
125010
78453
48396
143868
5543
14734
128965
21679
2723
7082
125990
80659
33874
68151
77886
17903
91929
59405
19508
103148
45481
148590
142752
479
73529
73540
151417
121595
121202
39701
147619
113191
84606
72667
97606
154542
15044
38179
126372
2111
8494
37892
120733
96769
28717
34441
109416
18668
155185
104934
102208
129036
154730
85687
49574
43587
142094
163245
104668
42322
156421
45770
113350
120738
19159
137108
18754
127349
141496
159596
131763
96699
133502
57686
138759
68654
33824
75843
65883
121795
842
80893
100591
64760
71541
123624
2940
101059
126539
94367
92352
59131
91818
38614
156170
19277
50080
57998
120199
76344
24840
117695
107669
68647
131714
91051
81850
33448
23667
104744
41225
26536
19237
251
80354
7761
14627
142807
540
62083
97341
142222
137611
34028
112078
84921
112132
43718
57904
45436
52005
81127
108761
90546
19522
96155
72641
130353
82318
138494
7589
51960
30936
88099
19449
75558
32294
26574
53768
82694
121481
98433
116707
67914
7804
151564
146442
138308
100349
27208
47364
85672
11801
22055
31598
39841
68945
87967
28207
27438
97090
116131
91967
6871
77651
37148
78922
4041
96146
40467
104097
114609
7545
7781
12947
41683
59050
55016
5841
50214
72373
123674
131182
151091
73079
134240
98826
84335
140307
120680
150939
15071
89062
100979
16636
119446
157975
65206
43315
128826
1219
77415
145262
85667
87108
127230
137605
61315
62328
139778
134116
96132
25670
10072
38026
39811
145429
161349
72366
113012
73733
33959
112666
82239
82544
78778
53542
113829
153881
163700
49289
35276
129061
95460
80818
66704
69998
101424
43845
155161
132370
37429
55532
129980
122100
37038
161990
84071
112656
78256
23115
146368
56096
157000
58032
154456
140474
74199
102633
4453
126710
146138
17122
70711
81998
93820
160960
153216
85329
131235
3078
29852
77270
130041
15984
38211
80271
131383
10805
149322
149318
130539
154436
64573
19267
148311
148964
101555
38184
145941
51030
55142
159267
55602
7037
118245
145972
17416
147162
94432
162527
40741
101265
81484
31984
67593
117724
107282
57289
135543
41289
15830
99575
134836
87638
64251
57421
113227
40872
160824
94163
138311
119038
75593
46633
141999
101610
160815
66502
13148
136187
139619
71180
47225
101568
76339
158530
24164
161723
102654
108270
157913
114124
161631
155482
37935
120603
128863
38530
72566
151794
134755
38251
24211
106656
158336
102690
142422
55453
78001
27111
19466
20317
140051
66713
117573
146760
123902
152480
140642
86614
20604
69020
24829
24171
81383
50113
69571
57669
13727
48299
38927
1768
157585
105792
76658
122128
6198
40338
161005
65219
49206
74857
74608
70120
41706
147654
98951
121821
51079
24545
75937
13582
111895
31341
24450
142190
105932
139451
133423
23461
128289
153553
15480
5091
12560
37676
152620
154522
114811
146551
38110
95575
25404
67574
35428
40902
162145
40044
106951
131607
31413
81973
15006
157564
72023
136811
29433
161193
54102
57185
90927
33895
61294
138183
8505
28499
11065
115813
14373
127644
128275
54755
68425
40427
16566
77275
157693
36917
48809
129725
155795
25859
41602
145394
131562
162772
8956
127331
103068
41498
89421
91259
142428
15301
44379
149000
137472
66653
84390
50768
108917
85674
135352
105832
141971
5081
89563
114932
94021
10227
49166
9285
42162
126884
123072
158388
41777
137140
114717
153772
88165
100189
98603
21299
29749
121165
92886
130546
107921
160237
34885
18609
89948
92376
69741
8484
135441
143398
161202
59882
81412
146175
64398
154991
39595
96501
24778
21538
152533
108562
153321
129096
145316
148397
13631
95621
106535
9072
82446
126239
163385
108402
47058
124279
139415
135421
71540
22760
86970
42001
70342
69971
143374
21201
71544
17042
84361
156810
5934
3620
74084
27295
149873
160951
114308
108566
146976
80018
78492
154857
72311
18042
38555
38197
144784
141384
127839
17522
31287
19234
161529
132730
8949
82113
135797
151856
67973
91191
72016
54586
163357
64321
29563
161341
55069
152876
58965
161577
78525
31291
154119
12258
136323
78842
83469
49794
151952
90938
15139
30073
52850
67665
23595
156297
94969
43753
140350
74673
149415
136247
150330
148637
10835
100661
55521
157283
20190
90654
31559
121402
82979
17610
90052
152792
48079
155506
33548
1339
153297
94571
50105
69435
45110
139256
123304
4821
69351
109144
13589
66166
50185
100742
43294
115074
54739
109952
135741
145301
123311
146596
135897
21168
72214
111806
20021
14207
40784
90181
153377
163780
15105
32028
85251
7267
146219
56920
108626
42753
135336
17328
90497
119825
69231
133188
52532
34643
102465
141852
146140
117920
68596
140810
2112
4113
80342
143754
121667
137329
95619
116115
39423
129448
160788
100460
37350
13798
74262
131029
71663
82818
156159
125607
56651
4893
56355
11205
152428
78445
103593
60050
147950
52235
132396
134563
139982
160918
117768
51708
46388
10804
69569
138158
34707
143650
90919
53486
12993
96455
72644
106401
108436
160980
13008
136795
88241
81244
119203
35509
108018
26388
152467
162339
145570
105058
136056
82078
105578
106242
85613
83859
162755
117702
136962
129587
103917
113194
158537
155003
52912
1118
41105
92124
125013
137608
48155
44596
94643
134460
89466
55387
98490
16831
80147
80382
74683
126550
146494
99570
117432
80267
45339
160710
109045
6691
107702
150113
128389
22548
158559
19204
91802
90294
3968
84856
26715
150408
140520
92163
12840
140292
13288
52682
141636
72402
62384
113165
82320
83230
26439
23883
160201
44810
160019
127706
93440
123700
144676
30227
31889
112583
149368
155883
142347
24114
54839
115898
95760
129030
114158
95466
13628
50239
162099
151157
26570
151542
71551
129602
26931
72279
60574
62267
137310
7320
153464
37810
138429
121279
44340
34798
138469
44644
10272
127282
17722
132678
146998
67005
100527
94364
42411
110207
98052
40969
38715
11720
156561
33967
163272
32287
77396
159892
159501
126038
135008
98953
108657
136335
93619
155372
84743
153859
86989
141622
102623
47149
98275
22403
37760
90507
75688
106331
133853
60057
91954
109205
149247
93750
160537
100581
71804
24353
146600
38244
85466
119543
89625
146945
153290
57803
86447
59965
162603
8523
49472
160386
85862
143813
35968
104909
148048
19942
150296
34596
40309
100468
17913
83647
64521
22156
86482
143373
69856
65999
136937
84133
132332
119432
51592
35175
119416
60826
162642
7719
82516
136661
142802
44746
154188
40642
54215
22307
124650
52217
16840
14446
36339
21117
6660
98624
163683
85357
33680
72759
54301
68932
60524
35852
73272
128944
89949
107734
58300
101021
162066
105950
128198
150067
108770
67399
151559
17792
64629
23077
9839
22354
44900
70655
130604
84770
162827
127862
137079
147655
110897
64891
84137
96547
155896
17999
130867
33226
90779
76610
15621
94517
149856
125412
71041
111150
74945
56616
48862
70908
119033
67026
152763
106000
38605
84778
99188
123095
120983
115168
22898
151303
117349
75777
134204
112785
68335
34590
156956
47418
83761
6069
143420
24319
29144
148698
85915
126469
58624
154207
73580
31604
87980
81621
84603
119328
103923
3775
132064
114281
103480
87191
25072
72388
142237
51948
96690
30016
84904
61995
30858
118621
77804
134207
62498
131955
159973
83808
71881
148780
131780
35737
137356
70007
92363
121484
120906
35604
17186
96133
6429
109818
67446
120742
6273
98544
45735
26031
122753
3316
58393
85807
150907
111180
41266
302
106466
103468
107952
58728
82628
130238
759
5504
2499
18155
4009
86914
7362
92488
44525
16731
61437
29092
113477
124370
87319
62560
135534
156666
138976
129334
158406
100321
40130
82893
23326
52732
7289
115512
119303
81121
16559
102676
30532
130963
109783
150328
33439
57092
32165
116463
143851
99572
49878
154053
60326
19704
120335
82050
65830
81042
3103
88913
52824
25918
76175
9679
110608
38874
82959
151335
25294
114519
155596
3699
20522
115263
70192
73184
21318
26710
110445
107714
100125
110085
113205
2110
49935
152933
86761
151139
19627
95490
17045
124259
144197
51899
52868
157281
76722
5616
133187
55785
28051
27700
152066
95345
161911
38381
112436
130625
153238
117626
112225
35068
96968
109970
9102
158409
33447
102486
71512
46550
145572
87446
44911
87102
124452
76970
41577
133530
147871
107740
80161
63242
81688
34976
119307
89196
114782
149251
105385
76059
107950
5107
36815
13112
70126
148170
134937
53876
89014
77734
1070
40719
140793
146386
23175
72092
76026
144398
81088
34067
109273
55175
34224
145868
11263
158988
12737
58930
40769
37862
61067
125214
16290
54666
78028
141549
121210
143996
49954
145740
19046
22614
120387
72527
117247
142202
125077
139526
157952
141536
69428
10290
6969
86937
60239
43199
44499
91721
41502
144546
55343
9898
70504
6508
81105
80937
72405
116588
17207
90710
98998
5190
16008
66226
130907
13036
58234
159275
87502
34569
127321
37231
34938
116770
39964
55328
85859
92557
106177
107825
140071
63326
162909
159224
93581
108196
18959
67558
103475
95
118940
18924
72618
62592
82070
53273
111372
54972
77193
156446
51289
94789
59825
126804
137838
24559
2576
155416
63634
150532
144279
162590
62895
107573
77490
34413
148177
56591
23020
116202
123815
82317
5480
87863
63275
102533
146802
63510
23814
59562
40987
159127
50173
89991
98650
156416
81272
19661
52827
125713
27233
2816
26342
29424
12056
159399
129718
34646
160786
93806
80921
134639
10205
8438
124833
46707
42133
50619
38333
43180
20353
158450
81003
20787
56496
150853
25606
91607
104785
154133
64038
43642
36016
18143
108503
65713
9509
109738
115740
151593
117710
147869
14784
96197
143932
40968
107314
53284
34593
97949
96251
128463
93765
61523
130218
154546
60129
5962
91267
157160
76025
137367
39970
94758
110472
50012
97709
85587
144089
43322
87208
98340
160412
141655
126479
119679
101151
118020
153340
29883
150908
80774
67315
110618
157663
89087
16097
147734
141122
10093
110687
7841
130787
124447
91325
28502
16084
33947
86264
115621
29731
103012
57286
2000
100298
107260
112478
105815
84427
40327
162655
61374
162735
31029
27012
28962
47048
115017
95819
120562
89585
91428
29674
22182
116742
13327
24473
53054
86260
38811
111753
71329
124565
21336
21552
79744
16830
48769
27297
14696
26497
83531
13991
91378
141162
87442
24469
111122
24012
35470
159035
161926
103083
74109
23416
144302
131710
38447
7944
43112
56735
1960
103249
108182
109936
76456
22972
22446
33317
103408
14842
88025
160085
9577
19951
135544
22577
85428
9438
86306
149823
151911
120263
149008
107149
94409
115773
121508
45876
73174
150198
108544
14091
73725
130526
96361
1782
138883
106888
121363
50365
104075
156554
48570
153897
86317
115216
87879
109975
61932
99655
105597
82031
106775
128061
39254
4404
25574
53162
117499
92750
30010
111873
39164
144141
143336
155610
113607
48447
4868
45553
70440
42958
81156
3216
32560
75036
26206
92617
69899
70685
81277
89345
19453
159305
100847
131396
126237
115461
96310
143303
96482
110346
130540
60106
91288
153566
46081
117088
25978
4242
60506
42863
138873
77112
116889
2469
52375
55638
74696
134344
43653
135655
104463
1622
85355
123092
44383
22352
144327
136943
90279
41147
163538
69006
11790
158860
161830
154763
94475
130683
151942
160720
87889
44881
149999
145973
95177
11420
62789
153689
130869
113119
15027
131192
40596
54055
149708
36637
38178
11589
73598
126559
3903
139368
107177
28735
125284
124263
41652
60328
153576
7157
57473
45197
73897
57864
131449
108507
160623
4813
8313
35542
21929
49241
125586
632
39812
117293
14258
94759
140713
69748
53783
24805
157684
149107
65085
112159
40885
100721
72748
133803
113206
147211
49074
75539
65762
72377
124078
20701
160655
129006
69825
130651
50961
107142
56360
76794
33050
103910
137250
50713
17708
44165
111135
110077
38395
22003
155126
64119
73214
119430
31179
153300
69188
72277
24360
7209
97242
149906
85718
161296
64157
134185
85382
46266
163552
23985
85156
117055
28772
42191
43528
114322
16251
83339
64980
56467
9757
59744
115408
98319
36792
87685
142120
99622
17669
56207
138602
17049
39826
120136
131903
19705
14179
48584
107084
68886
75271
12100
157309
31370
159090
71823
110111
95161
59288
12403
12911
117026
69880
12858
103107
122344
71701
14246
149668
151959
22617
92312
151719
21687
90615
4658
163445
84130
145347
17678
116460
115921
7620
11967
76748
132584
143392
64131
20047
44240
97575
125839
140906
163775
5611
125813
123008
94374
81780
91615
37568
4076
76890
8177
157816
108393
120485
92182
67418
9511
2296
160022
88677
98617
132950
48526
4365
39029
48490
15634
98656
16172
17385
42638
96175
135169
157395
157051
66114
60944
37563
64581
139960
38753
17003
119084
66686
73965
13809
82019
45188
43544
57982
116280
22732
52481
78674
22980
40067
38986
21760
83127
5723
18312
74570
112867
4319
25128
105588
128522
63925
63405
1202
86729
101227
35108
52446
61758
147623
158736
146198
90538
133029
5583
102474
78963
159056
146853
2573
78740
40007
158217
95145
29011
73442
85063
46148
47253
150254
57693
57952
113007
74280
128752
19314
64034
117113
72331
16942
151527
141193
65758
83195
153622
49562
132323
74527
130740
119662
84602
85731
121013
48773
59666
82497
155102
106792
10696
17687
9116
9724
63694
158753
155542
80299
115019
71181
107660
153074
49455
90770
37473
62180
127642
14852
57603
81796
70572
113435
155762
128897
84362
140601
50357
50389
64490
130216
70242
46252
18379
119936
159541
70540
27805
89818
141135
59038
88973
7068
14396
67655
162978
132458
10310
10576
67726
67647
8419
155025
50328
159932
144387
113392
133640
95021
69865
110246
146941
79085
9134
110648
55952
94804
51124
143607
108929
151490
75856
52100
100267
92079
88084
141458
154327
94814
485
1087
150474
88912
90459
82433
58015
117061
3405
154251
46829
75752
54805
55744
20535
143245
159705
118412
18101
25475
134720
40458
127815
77218
45303
108293
140568
29436
163673
90341
12377
120600
141581
105121
134096
125769
148887
152889
121589
17319
4916
91041
74300
9026
118454
60917
105357
23925
24099
16678
19276
4180
99746
89136
97236
158640
157774
73345
148742
37237
123018
49040
3285
116548
47951
129997
21501
125654
26907
55973
89898
83823
93171
84320
21067
130044
17933
92213
129206
49378
3294
22412
90888
79249
30390
37702
137612
54674
25862
25727
89232
101402
117931
159392
27137
150630
105338
75826
137725
34995
148889
97854
26671
110996
116540
105769
144850
27693
58172
121024
100127
18056
147488
145458
152786
30856
50968
135976
58058
18223
80130
151842
21238
152072
117509
102589
10524
69100
23869
56159
60806
133945
146641
5200
13169
159453
56697
82970
40095
83844
88717
75737
104050
68477
68674
78178
33880
88013
20073
76196
149298
86277
42019
42389
6614
72217
42756
49457
21445
13217
142307
40600
77606
92200
32373
95230
155799
127032
94496
162608
98975
108177
92604
5710
117223
162056
48735
3107
64372
56000
23604
64007
99924
126433
85944
41006
126034
77743
33953
71164
69637
82204
111884
74651
130048
46397
144552
117535
62472
28996
40145
74719
96660
81783
71033
83187
30374
13987
157925
104796
107059
162388
72272
5390
112707
111337
47390
36849
52628
136315
154379
150482
86414
55124
49340
112026
142251
35861
140870
57958
155584
26499
63683
117584
146644
75760
66544
28121
153962
126074
47995
89374
36528
86086
133229
152499
88489
154260
63673
159617
43506
8006
157464
35879
77299
1577
35722
17132
13272
70799
100511
7027
72367
54837
45813
142445
110495
162391
151414
11599
144318
162694
162984
147934
1699
2544
20963
124734
99160
94831
163189
40399
45154
57499
26875
9121
58829
13408
18116
117405
85893
54957
52003
118481
45219
157655
66482
104455
90940
90336
125731
85655
158959
39022
41278
95306
735
91198
26002
75554
128799
11992
27006
129802
130833
22034
92860
88169
32521
29964
14965
134820
149094
40898
139063
32296
5393
155780
138197
6484
108251
41022
142959
25912
111324
147532
51541
152765
686
13324
74132
72953
155167
127910
155700
162207
114440
161949
62623
30070
31331
49308
76598
71776
63817
14327
109654
138038
74373
7483
120731
37685
25925
142255
136741
12010
63746
103416
8663
56504
85217
138280
45266
142478
105083
5851
121913
50465
70237
150484
156868
50936
94984
143062
96755
47335
60405
129763
36924
92434
84255
98094
89649
105582
143048
66392
188
160073
17649
136498
87812
80778
42310
111407
132246
157691
25968
62714
114021
49360
35868
63014
22006
118021
106341
13751
147104
53836
123957
151296
96395
62456
110631
32102
10856
65920
127700
147887
12961
3994
142221
32572
79514
22217
140229
85269
122571
82530
12843
136190
98281
21618
96262
75872
24731
21376
29120
93586
137678
96080
52268
77997
61566
110324
37659
162433
62852
104649
22333
111596
90512
92815
114081
114776
58562
28805
100509
140402
21906
28007
145838
68904
153831
88455
118863
113931
157099
119355
88536
22706
129946
135939
59715
10547
145287
18677
80826
53845
618
78333
60739
59478
113034
56128
99278
36763
55444
14538
163300
23480
13850
26487
4565
20900
16983
104167
31317
59232
74482
131802
31012
152016
129039
158973
163847
3975
112900
66046
137528
5211
137965
122131
47748
62055
160138
148993
102169
111992
121474
27405
9032
43087
146804
884
72932
119638
44378
154405
56468
79097
52625
107750
91846
71574
56546
77623
49835
110398
91179
12746
29887
50610
81186
128284
154676
39153
155317
135338
88609
13226
15340
30139
105405
139088
58442
106245
71242
30884
72035
161021
86248
122687
49652
92536
14658
67712
68920
75834
134183
44442
107193
135617
43372
49549
71648
20717
63679
42990
16789
64879
150670
101393
121892
149409
43215
88047
133832
120408
123151
85870
154489
67610
27034
110738
133551
1771
52953
161268
34670
108700
145182
53063
59358
144407
145628
40999
13126
83611
59796
16668
143773
100417
142576
101373
14496
64113
29157
96231
63846
52175
154606
121120
123432
7533
65822
141150
48001
21693
65747
93155
63945
107548
129326
86879
130251
54661
15995
19946
137101
24104
14176
67989
6773
126189
127630
8072
14196
1624
79817
43710
125094
148822
106440
10532
118787
47483
147813
15407
59481
142111
115530
118268
159300
163594
154850
162886
144764
44353
97014
23313
60181
129476
122965
36436
21209
44594
157910
72021
131057
119852
106602
145168
127284
3288
23634
155895
15999
39396
126498
142601
125126
147616
61846
72012
125116
22727
67899
74550
115786
100786
101996
39557
46378
55821
159198
61834
109682
87960
144429
50719
104854
44459
150437
33961
78123
92612
79448
92831
113604
58689
150898
100158
68086
156417
158237
1445
139735
4776
147168
21516
25549
83383
63232
86660
115800
43340
64924
143945
45963
89760
75272
143337
39723
149778
59143
91461
154955
143799
157164
49170
108179
46103
66379
127650
157660
117046
79793
108021
19997
3359
160217
115899
71225
39117
57692
128954
72169
134547
61518
46512
59942
136042
19124
58053
143657
131409
104219
50181
118830
163004
94247
162282
56034
38962
155689
94549
134310
16465
161048
18538
112276
35933
24661
143496
95139
122134
22521
65981
14168
34477
348
53744
111896
109319
38788
25188
161952
35739
107269
93590
107703
97840
113232
128518
119490
10914
26263
123354
39077
74465
86983
144462
24454
53552
78124
129774
19347
127363
22178
160861
68208
160055
8636
134607
135926
118512
146845
52187
149488
88091
124261
103341
11025
69291
62251
119993
31427
50047
87666
121423
88858
72371
51225
370
71722
30285
44384
137742
110015
74474
10615
100250
73095
156371
122614
99659
79436
2676
78518
155142
67861
59700
30705
136897
25019
51757
64925
161880
6774
24163
28743
132692
13529
162214
109664
122508
14495
82054
82670
149661
56975
108788
155219
73919
24192
37504
158945
44713
92306
3678
63737
15527
50625
5559
134457
85099
124654
144856
155476
69086
24289
77848
13441
59179
119617
82223
20820
137977
99306
108421
25433
54643
96019
44342
93494
154452
162317
153450
40946
13837
148642
149860
67106
97500
141191
118543
151345
107261
102693
116605
140860
3272
58740
29147
101442
136189
161735
34374
35037
47595
153957
134592
86681
137147
10040
128724
128410
42441
156181
137296
152812
109726
27719
122950
52096
120357
94822
935
37726
157834
75629
73666
83228
134306
89989
136023
116473
83398
65022
144820
154963
104980
34453
64237
114214
149849
112311
92301
93245
7609
49027
18220
156823
3022
136402
55211
74193
127546
68211
51454
24760
101382
95062
40983
47910
119182
128846
78251
14526
48100
18488
144555
117210
158438
92568
103407
105655
39107
125453
100622
86607
27940
159145
137233
52688
47759
109766
50614
140352
1685
76946
4987
140791
18210
81900
152472
157296
13165
68441
22853
106124
26476
122240
10724
42934
108371
91755
111549
87601
5467
84322
3021
132280
17000
56905
50793
31719
68608
94203
139043
67836
158296
51752
34673
23664
124581
105139
152070
17105
9192
116915
63514
127669
38430
148673
89029
86187
88428
102781
25972
21507
21684
76121
148265
163659
156942
51352
36611
26653
84664
96876
30489
95758
56369
12839
16030
47061
121664
76347
41999
152176
54387
68365
46754
119796
96353
31368
145141
157517
130066
99862
127553
92943
146613
50471
4870
20222
110080
82510
104363
107638
162550
139269
139859
156276
160097
130391
111482
65535
83424
27440
30979
158830
77221
124557
115981
41264
21391
13452
104316
161925
66256
48174
26725
121086
163784
81966
124419
8117
49668
122305
129027
119582
116926
69107
86648
131694
9391
33256
21042
124387
20385
161416
42946
143983
19899
35375
55247
143332
132990
139658
130645
35260
106377
77346
162270
111465
86497
27801
55964
23074
16272
45682
74678
42376
160172
2330
59948
38436
55573
75007
68921
31123
103295
88935
101213
75140
86778
11908
115418
150791
30955
120010
71672
125225
123627
161390
73139
155154
153595
12124
3676
95550
147550
74848
106630
129775
139679
123264
98673
24227
95070
109438
99630
100774
89359
142335
90757
61630
115881
14634
148625
53088
22343
104328
126290
22649
97818
156281
94303
135531
70545
40748
158246
155609
71658
107493
28245
73344
130930
66306
96513
149349
13459
59918
152313
52064
19216
83433
141890
34805
16548
143228
24437
40989
256
134526
80025
101774
25270
144237
49666
68398
151708
96124
107181
118932
6001
63131
94361
115654
113059
160316
81742
22644
121888
45241
58021
121586
98385
28182
84523
112186
159172
45870
82339
27628
98866
74429
29729
143824
151692
95149
77741
121576
110216
74759
43095
73959
142421
148295
141160
87628
8799
151272
69156
65400
14097
124719
145309
15133
94685
105177
40123
42675
129667
35504
100857
117101
143284
150179
60549
31285
131345
160328
137737
49638
148206
95020
46084
152547
62736
157928
58899
28723
124237
124134
41708
2872
663
28549
62610
138121
10681
33756
101383
51819
55298
49930
6144
158374
2782
108033
100909
47731
26445
70560
101460
10417
37312
135402
130469
10673
142294
4078
80200
80561
57104
153206
48479
16224
133050
77038
50520
102094
161279
137141
61937
47207
694
122677
114599
52037
47092
9077
97361
77992
125233
158782
26569
67425
85487
67477
76592
10049
40051
148089
115098
59782
72785
149969
136989
102107
116869
107811
93071
70598
115128
45800
153025
51147
63188
132058
97305
96216
97556
38114
86422
163171
110034
122676
104092
125237
20188
125581
51189
58621
100451
52769
22146
15518
44564
104953
109306
132274
57620
142632
28526
105838
100780
99430
2814
52415
3277
57354
44193
115809
159772
17789
130482
9543
14797
124806
18937
27523
27273
108269
52614
52365
63194
72798
48059
159488
3487
83336
143234
38364
48664
60611
23474
95608
16320
153080
8550
84190
114996
95387
13074
37065
96247
37755
22489
76420
11217
101691
24168
13551
7022
15744
54079
69559
33742
158637
127341
119656
65576
150402
95192
79807
3916
55765
108885
79269
147733
154453
65181
30750
15260
123962
18999
136283
33587
131737
43380
110733
137707
40006
89395
79506
93539
117847
1546
45877
158771
15029
14407
144909
3804
55985
101429
148271
118829
103335
141289
27478
83284
48804
159842
67088
85379
29294
6044
62723
41632
70222
156762
86390
63676
60716
159210
162225
75901
34372
61062
90795
103699
146813
72555
21305
153840
113415
12857
101507
64947
45149
45161
103189
156588
24383
18049
49852
94900
26719
98466
110774
101364
61730
51299
149876
96148
129037
84260
116142
36800
74954
89220
5563
3092
120028
114524
13930
105580
138240
41897
137789
83392
92774
77471
139152
92944
58461
126882
24665
129230
49858
29119
11783
105314
18997
92402
155491
160128
75524
78428
82899
5236
89533
138011
3607
1969
130329
162972
71483
145859
71519
87490
95367
96116
152042
126624
96858
86139
135548
3914
33664
20761
70583
126989
124218
139202
68651
81810
64200
148522
148844
52770
162569
41165
89244
69412
149737
153137
65169
36345
142447
137099
152141
80070
93593
159581
111751
8684
92569
129713
43288
17444
156804
130993
91368
99994
70592
26502
154693
108115
136054
84011
20158
113575
153358
151519
17980
68818
90703
113464
71811
135839
47894
74092
92771
46015
98474
108816
128267
113214
139486
135492
146791
101430
10997
132275
156576
27368
39145
51759
36621
142218
83164
162787
19647
6696
57738
103637
62897
104797
35467
54825
108815
106231
144341
114490
17585
49266
98051
15773
146797
81372
139127
121551
102421
2446
86991
39199
137543
77459
144531
21311
30900
141690
99834
77942
117129
138397
49323
36464
93842
43964
144734
134354
4829
140561
22304
128184
161411
128640
121796
146511
86446
128472
122938
95544
67290
27005
85441
35841
76296
105870
123906
145922
78369
145769
162520
123329
102223
64218
73370
103636
98657
105241
32671
98055
48934
19985
26870
93854
146601
58884
82091
119205
125072
60379
111927
78906
155436
31585
93674
38133
6111
68852
91285
81927
14079
61650
120108
135179
56410
16598
156633
59279
77182
29334
148712
104079
107804
20792
29672
129582
82664
153751
3989
64856
24949
135933
69264
32395
64067
107085
36034
21683
38564
15275
6545
74090
83211
70890
94871
90742
58646
100804
36571
16540
108075
62664
77907
138390
119089
81618
22413
104730
120676
6489
106685
47836
15715
77024
108907
49870
82275
34481
139218
38792
30119
15737
161972
16764
124550
152751
89072
161923
102625
140985
95717
139790
125185
110508
99887
107581
135247
74370
92862
91132
62136
118028
159029
120243
57994
163567
62236
29129
21898
42615
8334
26096
2757
153341
163826
53323
163874
18059
9680
9579
54728
101601
62031
69522
53392
46119
42791
79954
16745
15882
98573
154562
89467
39332
133603
8475
142539
106293
14654
150652
98890
112450
129712
94246
5796
124506
73394
4967
58029
19085
49914
116910
77614
89980
122214
76128
88607
37772
74059
136270
79903
1821
37276
67396
124579
91352
65909
119150
131184
71075
23198
152971
19519
30857
85449
110421
61973
62374
30965
12603
44915
92924
138992
121457
139566
105946
161135
17133
10545
153052
108433
83221
152539
59605
118993
103579
28138
45545
133286
21991
140050
84309
84464
125511
97108
90826
92212
41386
10190
117829
154626
89955
18255
110396
5443
22697
41378
124755
95172
162792
24781
128625
150667
7642
159758
27992
46261
77568
117749
144550
136341
162631
1665
11077
58490
879
81520
57172
57045
78107
161179
85200
41629
31618
27472
41687
89192
159653
41432
90166
127985
123959
60860
32435
21390
46834
135837
157702
69214
50479
162890
106175
92413
127396
41824
44867
144939
71889
120509
18341
14895
83266
19275
56311
27665
81213
163677
97179
109893
39774
126399
100938
133894
48053
29481
108541
78729
58945
66466
131152
129134
78998
45344
62111
94898
147256
46106
80551
58993
45256
79536
121663
71291
45178
24476
150615
78444
121703
141889
27584
126861
157651
115729
154474
28819
100093
77037
105171
63896
121280
158332
31213
159020
62193
29290
149608
40580
78038
71428
133042
156287
47389
148753
59610
92816
54010
97192
76974
86059
33216
47171
158408
142096
129634
70173
61621
113319
141634
66937
120441
61527
89083
14194
90946
96597
111480
159773
67830
98991
11063
5255
12052
81993
71199
148578
68452
69680
1303
77816
140807
102508
121411
87599
141072
132862
66602
5528
26454
36050
34509
156296
6946
80879
147754
4128
132097
3957
74097
82046
139773
89446
57137
136220
50210
104596
81236
102884
21031
48645
99917
75143
31163
1392
81084
97512
43716
32645
12726
55061
101053
91505
123296
87086
87999
23091
124848
127657
100821
103271
62268
87951
77164
55443
114550
145589
37722
79689
49359
66443
143551
103266
18179
101381
40755
49367
125095
22171
161509
31555
122462
101829
132980
83616
133531
129072
155731
58147
13980
69403
38998
143622
105373
58731
7033
143702
51269
127732
110218
51381
128295
8618
6450
121041
71473
116137
69116
96380
74880
33485
46176
84272
59939
36178
41782
69709
77326
138739
101947
66076
150362
125163
79276
42992
35080
110881
33840
73932
101400
3049
130610
150250
151444
132827
52669
69697
4252
90436
92144
143611
58253
22482
79080
98505
39285
133332
120951
142581
71631
57644
98183
132096
6862
59080
110529
6636
42473
55839
127204
62054
76899
154209
74326
73472
160887
105117
103633
25253
128057
51128
40733
108970
82380
34998
79383
56808
46599
84376
103678
54161
116028
103857
104031
83143
31620
160049
104357
106484
74825
149750
36854
120794
114188
29348
117244
112056
34546
70861
97007
73812
18089
24951
136953
22634
62149
133983
138490
1267
146133
117597
62168
127415
95954
162440
139827
40077
25345
47907
144967
47311
158484
36337
136553
126538
33745
117386
161738
88082
142040
128997
114067
152163
50238
69109
80358
106372
76032
8285
78300
20408
136233
23932
64634
60614
4494
113379
156232
32433
97747
96810
62443
122847
107510
51153
131858
139574
47109
17423
21436
3046
52703
120928
90600
73285
139632
22585
37465
16616
3581
150225
127600
71495
31747
85334
71787
87535
117835
50432
2598
145781
19478
106025
85143
47797
47161
90761
7332
38600
96370
18530
101077
60155
156250
97172
14871
107847
160013
15509
53614
38059
39455
85628
146409
18480
158009
97346
159595
151029
95562
5925
59761
137909
27149
108380
1520
100014
93055
138740
121090
644
27432
150744
63695
63839
152129
22459
111920
41543
147430
155211
17866
131169
76369
138861
28943
47901
83014
4439
104691
2022
46360
26281
21894
67801
64996
72736
139119
22632
82613
25870
142969
15061
112976
80735
160383
157762
16416
107709
105388
39310
18430
77310
28165
59910
60711
158092
64266
150526
129411
45047
66688
45391
124403
111305
97742
52058
115319
142488
159913
21382
36710
34727
55139
49255
35468
52276
142898
153788
16284
122005
74294
124990
605
12382
60891
149411
134860
117201
32863
135639
73308
116539
96090
47069
146733
103134
26382
133561
13967
57526
62914
24910
98386
124756
73346
2908
4080
64185
32842
13794
109129
156199
19136
49587
82463
111243
122597
109561
163376
135948
129043
157602
47124
143238
5910
44799
103850
10647
106991
4590
37951
129707
18813
162551
25371
71868
106703
134305
139410
162573
75270
53449
100933
110948
131096
83572
67469
143350
76463
119478
99882
75424
127081
149253
68275
79261
82385
88763
47108
112629
98068
24022
53041
80637
2839
44633
156153
81879
97200
138566
26179
32832
54113
66621
79046
1912
89613
8586
131978
72438
123859
74742
52558
92620
37587
16744
54678
139069
145321
11130
44104
66892
76155
129214
33705
69883
106591
103206
137718
158051
90569
132296
148030
38671
17566
21854
82892
65004
33985
72019
41467
161515
23915
9240
10884
59611
87710
86458
89847
8517
27112
53576
76181
27431
116615
141818
102073
124776
117133
29736
128928
1470
23758
113130
91053
149308
143389
97149
139611
126443
75384
42802
151407
123496
149070
57001
131867
77915
149018
26356
5262
4206
24814
36890
152568
12070
103388
105085
124671
2164
116000
26919
71694
78517
143758
149617
89971
145024
22019
105824
74468
122512
26769
96522
113497
36247
60274
120814
158141
162266
101066
579
84827
8460
111790
109853
19013
54877
48198
96866
20996
61168
55468
160578
93636
152326
149430
56574
88968
140801
58678
102519
8875
139903
92108
11418
132077
88328
115543
1271
140497
79048
75397
155297
79780
20781
131408
141058
40529
106305
50200
14010
100167
72691
7134
89021
143328
77963
25709
9367
110217
22848
110025
116504
132865
154623
98328
84616
62493
29814
17167
47242
130024
110871
93498
163852
37090
90293
120144
65340
93456
125554
38362
148230
127019
141566
103970
162345
91377
72015
56682
43218
60477
62839
18581
51371
55137
137391
161245
42770
134826
8947
118860
158461
24061
35687
61211
46533
118137
107563
40350
16958
25098
124424
127153
19147
27241
23534
80246
113559
119677
43581
150613
109317
134022
104525
141924
133242
147583
161848
140993
53387
52801
34806
5993
44136
148757
26960
147536
99625
77602
39697
141305
127872
82291
102499
134233
124752
77636
39762
141527
16525
64163
93274
76810
93553
27829
121538
131283
106614
156934
139769
61039
121790
96558
74791
39457
151459
35621
68190
16981
44368
157857
29553
140018
92310
130661
136439
124956
28187
20709
28982
102133
69481
52389
81441
75209
13482
149671
155910
107031
115410
88976
77726
74325
114043
45447
142923
72316
16326
140758
34903
81388
28727
11666
51641
61340
73820
55643
42702
32428
128425
146438
12977
2498
31062
97603
149012
146899
116951
105492
103563
23730
21100
15635
73677
12999
60390
38748
134089
3091
25526
29430
119551
112272
115469
117737
110644
54191
2269
51575
101221
148126
154828
143924
11086
4606
147128
53620
52016
918
5428
153203
163544
42405
121330
45984
125823
6867
28865
145928
42987
38739
151060
36455
108705
33250
115187
5469
156817
129661
31313
15546
89703
114098
103051
60357
104129
111461
21385
138269
52733
80776
96904
70288
137378
107044
55752
59515
14629
127615
149699
127529
154851
149593
26020
127850
89432
73803
100730
95974
39170
84339
88417
38090
48618
103255
76633
163536
36671
66784
6412
36151
133627
37353
116171
23287
30812
131075
48239
56476
96172
110995
33220
33771
17828
38562
76891
30407
31965
161119
42930
92576
147791
119642
9039
133993
135011
44616
42206
75841
68810
120299
4005
55626
7059
111511
96758
109880
93215
112035
48418
70116
69852
40380
19820
20841
124203
153563
2279
34931
21105
78539
2884
8085
71098
152114
156403
37450
41391
115354
34815
66503
44061
41718
147265
157897
64026
117919
59899
74690
95302
98432
10604
44507
11726
137273
2890
163931
21921
94490
22973
81303
22964
151538
157738
137152
33140
22397
6231
94793
27060
93314
107343
28326
67747
43228
38884
98190
93246
104788
98012
132495
61267
50513
24127
121126
60170
22526
83473
1846
61505
141908
143180
59793
57213
59913
36913
37100
139678
54991
115357
85448
6237
112044
19759
153259
156865
60201
141109
45983
157421
13860
53520
2720
153391
127068
23388
41482
90098
41019
24792
135585
27128
143737
30451
61000
7197
155402
28979
40620
51971
88447
159194
131582
110711
33859
73385
30724
145582
116348
118958
20663
109064
47356
36928
55703
50617
126502
68585
62464
25439
150035
84813
140610
73443
46537
111880
77067
5434
15969
5729
93250
119194
75367
4532
102520
149677
141499
136766
16954
86815
90887
136305
372
57110
35370
69701
40264
102840
118148
52287
3318
91486
1570
157046
39072
60748
31970
77719
122529
77813
132529
153488
15560
31397
113573
159117
82506
163714
113137
66626
12539
132377
35875
130191
82479
24294
130431
117896
132686
71298
87984
45965
2333
61273
44421
37433
94225
22202
125235
157924
49312
94557
75082
51040
24506
126056
23086
19438
139598
158316
95090
93068
98434
10813
78784
157700
61123
117235
58820
93580
144177
39916
148234
3222
48602
14301
98517
143760
2243
142538
88953
26673
142701
122823
6952
95673
60419
69157
115747
5439
18848
130499
97877
98020
141454
146187
104435
112572
16103
51612
78094
64948
121623
131416
45351
87270
63509
133844
67070
26016
55881
68766
90484
38697
62743
139893
38763
121286
106639
125438
140234
114662
62613
89964
140613
33482
19961
159523
24631
25571
120249
14805
140742
22990
1401
114884
63049
136896
127580
28920
29439
38846
43155
42387
74936
15267
89058
94880
90550
32611
93291
90519
74989
38339
42089
140052
75613
26384
20496
115707
30545
85960
12415
157129
147255
118179
16220
51015
53924
51637
23933
23594
88483